Output GenoJointDistr:
0  7  9  6  37  48  11  51  75  
2  6  11  11  31  36  16  61  63  
1  4  6  10  41  47  15  54  79  
0  3  7  9  47  38  16  70  72  
Pk_ij:
0.666667 0.333333 
0.65 0.35 
0.606061 0.393939 
0.472222 0.527778 
0.435897 0.564103 
0.497041 0.502959 
0.465517 0.534483 
0.474576 0.525424 
0.477509 0.522491 
Pj_it
0.037037 0.407407 0.555556 
0.0689655 0.310345 0.62069 
0.0846561 0.412698 0.502646 
0.116279 0.453488 0.430233 
0.0912281 0.368421 0.540351 
0.107383 0.439597 0.45302 
Pt_ik
0.457143 0.542857 
0.633333 0.366667 
0.538462 0.461538 
0.443182 0.556818 
0.494585 0.505415 
0.486111 0.513889 
Pt_jk
0.369565 0.630435 
0.527273 0.472727 
0.492228 0.507772 
0.497462 0.502538 
0.545455 0.454545 
0.454545 0.545455 
Pjt
0.043 0.054 
0.194 0.218 
0.264 0.227 
Pkt
0.244 0.237 
0.257 0.262 
Pi:
0.056 0.361 0.583 Pj: 
0.097 0.412 0.491 Pk: 
0.481 0.519 Pt: 
0.501 0.499 